tp : 9611
tn : 7017
fp : 41
fn : 213
accuracy : 0.9849543892903685
err_rate : 0.015045610709631507
precision : 0.9957521757148777
recall : 0.9783184039087948
f1_score : 0.9869583076607107


===== Train Data Result =====
tp : 30231
tn : 24502
fp : 0
fn : 61
accuracy : 0.9988867394240245
err_rate : 0.0011132605759754943
precision : 1.0
recall : 0.9979862670011884
f1_score : 0.9989921186986765

===== Test Data Result =====
tp : 9611
tn : 7017
fp : 41
fn : 213
accuracy : 0.9849543892903685
err_rate : 0.015045610709631507
precision : 0.9957521757148777
recall : 0.9783184039087948
f1_score : 0.9869583076607107


epoch 1/450     | loss = 0.69389128     | Δloss = inf   | ETA = 10h 23m 59s